0.9999999982 5.99999999642414e-05 -3.17477514270083e-34 -0.208785924050166 -3.67394039524985e-21 6.12323398471494e-17 -1 -0.256141 -5.99999999642414e-05 0.9999999982 6.12323399573677e-17 -0.00385568340802802 0 0 0 1
0.973633482120504 -0.206141548251909 -0.0976908623066054 -0.30157046865897 -0.0998334163227837 8.04368818735061e-06 -0.995004165278026 -0.255680384038634 0.205112484942345 0.978522182691637 -0.0205719834039171 0.0172664767665692 0 0 0 1

0.587503679088085 -0.808641288018829 0.0306381195443406 0.801762194764272 0.630636994436159 0.481246254543651 0.608850575869183 -0.228628156308805 -0.507086194158837 -0.338380421713425 0.792693056544935 1.08791481156522 0 0 0 1
0.55723034042629 -0.826137025332793 0.083617959091845 0.821632417185396 0.788753409167644 0.558095902266134 0.257676198745964 -0.328322858308168 -0.259542688656068 -0.0776310456456325 0.962606364781132 0.977586018689304 0 0 0 1
0.517822732670442 0.086803633128753 -0.851072703595507 -0.110092356468881 -0.764927046490073 0.492453802590927 -0.415181726309949 -1.16183015171488 0.383074706914577 0.865999065582282 0.321402220485369 0.259739996439665 0 0 0 1
-0.407114211905386 0.0340850427864467 -0.912741052173563 -0.714078051838048 -0.912391509968852 0.0312383441432255 0.408124856376021 -0.761832204096814 0.0424234722932367 0.998930616065718 0.0183813297981805 -0.596331313416239 0 0 0 1
-0.674207965639632 -0.644403816844276 0.360814827722749 -0.580737119570229 0.30397671312579 0.203123141234268 0.930773413550454 0.107462656165332 -0.673083781520035 0.737214154999517 0.0589365143441489 -0.894715821033064 0 0 0 1
-0.263155561613694 -0.326065993501946 0.907981342469861 -0.493244641414904 0.929999348363196 0.164599075044034 0.328646248325886 0.13791340557693 -0.256613254598846 0.930907144873342 0.2599259994459 -0.972558166753845 0 0 0 1
-0.856294842168845 0.110378996635802 -0.504554873504069 0.017225342925149 0.22072146094781 0.96140365150555 -0.164271286440629 -0.897182847727059 0.466948797998344 -0.252030744103707 -0.847608001421904 0.962781247875017 0 0 0 1
-0.976081432744203 -0.214297785340987 0.0366264364902146 0.337733308164208 -0.157183809474117 0.5792313048998 -0.799865204558417 -0.505087405759955 0.150194163306127 -0.786490657682609 -0.599061064238654 1.2105836720396 0 0 0 1
-0.765023817112996 -0.11208159071909 0.634173695663688 0.329385398664232 -0.644001962838187 0.133413831856793 -0.753300883664588 -0.137143570024696 -0.000176381470052978 -0.984702222243438 -0.174245523323876 1.31900941194661 0 0 0 1
0.433125918372508 -0.749931690807462 0.500004397937291 -0.298089559490198 -0.250087693347987 0.432967139594623 0.866022864402051 0.46786475939907 -0.865943464938592 -0.500141895019715 -1.93967605549108e-05 1.21071343685005 0 0 0 1
-0.139166804029909 -0.62752890762257 0.766054874505818 0.137320763652498 0.165787317623901 0.747900152583976 0.642775176154102 0.234833287442213 -0.976292561669489 0.216455149772162 -4.65396423904069e-05 1.31369929820156 0 0 0 1
-0.730344342227 -0.304565894108299 0.61142191482071 -0.741942284629212 0.623124231924511 0.0696467859507911 0.779015735909881 0.225073048664915 -0.279845195358968 0.949941546282053 0.13891625276318 -0.767652759529445 0 0 0 1




1.000000 -0.000083 0.000105 -0.208801 0.000105 0.000000 -1.000000 -0.256161 -0.000083 1.000000 0.000000 -0.003862 0.000000 0.000000 0.000000 1.000000
0.949579 -0.000046 -0.313527 -0.166265 -0.313527 0.000051 -0.949579 -0.418285 0.00006 1.000000 0.000034 0.017391 0.000000 0.0000000 0.000000 1.000000
0.912008 -0.000071 -0.410173 -0.117471 -0.410173 0.000032 -0.912008 -0.465008 0.000078 1.000000 0.000000 0.031758 0.000000 0.000000 0.000000 1.000000
-0.000101 -0.000045 -1.000000 -0.549036 -1.000000 -0.000022 0.000101 -0.799358 -0.000022 1.000000 -0.000045 -0.042014 0.000000 0.000000 0.000000 1.000000
-0.471141 0.000039 -0.882058 -0.821679 -0.882058 0.000042 0.471141 -0.789625 0.000056 1.000000 0.000015 -0.046183 0.000000 0.000000 0.000000 1.000000
-0.939705 -0.000127 -0.341986 -0.961298 -0.341986 -0.000056 0.939705 -0.527854 -0.000138 1.000000 0.000009 -0.046282 0.000000 0.000000 0.000000 1.000000
-0.623981 -0.000033 0.781439 -0.95379 0.781439 -0.000001 0.623981 -0.004932 -0.00002 1.000000 0.000026 -0.039834 0.000000 0.000000 0.000000 1.000000
-0.142738 0.000042 0.98976 -0.798082 0.98976 -0.00001 0.142738 0.177185 0.000016 1.000000 -0.00004 -0.000985 0.000000 0.000000 0.000000 1.000000
0.341343 0.000037 0.939939 -0.557282 0.939939 0.000014 -0.341343 0.184177 -0.000026 1.000000 -0.00003 0.001524 0.000000 0.000000 0.000000 1.000000
0.647499 -0.002851 0.762061 -0.419069 0.762066 0.002421 -0.647495 0.133778 0.000001 0.999993 0.00374 0.007361 0.000000 0.000000 0.000000 1.000000
0.866071 -0.499921 -0.000047 -0.131766 -0.000035 0.000033 -1.000000 -0.256132 0.499921 0.866071 0.000011 0.270975 0.000000 0.000000 0.000000 1.000000
0.608738 -0.793371 0.000019 -0.331523 0.00003 -0.000001 -1.000000 -0.256134 0.793371 0.608738 0.000024 0.343634 0.000000 0.000000 0.000000 1.000000
-0.927768 0.373094 -0.006833 -1.047277 0.017952 0.062918 0.997857 -0.409997 0.372725 0.925658 -0.065071 0.118672 0.000000 0.000000 0.000000 1.000000
