-0.318170759973738 -0.00989850208985443 -0.947981744103815 -0.814558950169104 -0.823953512973944 0.497463972239626 0.271348861765569 -0.684254981642792 0.468900816757266 0.867428161855465 -0.166434395677152 0.294149094944578 0 0 0 1
0.9999999982 5.99999999642414e-05 -3.17477514270083e-34 -0.208785924050166 -3.67394039524985e-21 6.12323398471494e-17 -1 -0.256141 -5.99999999642414e-05 0.9999999982 6.12323399573677e-17 -0.00385568340802802 0 0 0 1
0.951409490532511 -3.80526250735466e-05 -0.307928530468785 -0.168491369893468 -0.307928528150062 5.65870346364393e-05 -0.95140949036114 -0.41538479077571 5.3628391047286e-05 0.999999997674953 4.2119952963004e-05 0.0166840254848683 0 0 0 1
0.818905467601111 -2.73766301684529e-05 -0.573928422700537 -0.193016559957235 -0.573928419419776 7.80189385223051e-05 -0.818905466641519 -0.403167919788761 6.71961584300061e-05 0.999999996581783 4.81779092506875e-05 0.016684584028438 0 0 0 1
0.995835504396514 -4.16320778869168e-05 -0.0911682315837663 -0.148506070336269 -0.09116822997104 3.9122418938033e-05 -0.995835504645915 -0.419480869292766 4.50254230418224e-05 0.999999998368103 3.5163970945344e-05 0.0166833841433263 0 0 0 1
0.928664635454255 -2.87704815412356e-05 -0.370920468603279 -0.26179074892838 -0.37092046698629 4.93563872728304e-05 -0.928664635234173 -0.359838653294576 4.50254230418224e-05 0.999999998368103 3.5163970945344e-05 0.0166833841433263 0 0 0 1
0.886994922899904 -2.36993321957791e-05 -0.461779174701647 -0.296406807814983 -0.461779173114709 5.19820663903733e-05 -0.886994922519492 -0.331905493944086 4.50254230418224e-05 0.999999998368103 3.5163970945344e-05 0.0166833841433263 0 0 0 1
0.862807070756519 -2.10716937065396e-05 -0.505533340353077 -0.312624737351754 -0.505533338787134 5.31015752786553e-05 -0.862807070297268 -0.31667653248241 4.50254230418224e-05 0.999999998368103 3.5163970945344e-05 0.0166833841433263 0 0 0 1
0.822502098054616 -1.70335718515672e-05 -0.568762075393228 -0.335474372231489 -0.568762073866099 5.45311929332155e-05 -0.822502097479322 -0.292361417094021 4.50254230418224e-05 0.999999998368103 3.5163970945344e-05 0.0166833841433263 0 0 0 1
0.947650726225684 -2.71169345086052e-05 -0.319308785266872 -0.312474778881839 -0.319308784310161 3.44324669515758e-05 -0.947650726310476 -0.303900120672254 3.66919718784237e-05 0.999999999039539 2.39712769202338e-05 0.0166823521769372 0 0 0 1
0.997188817617747 -3.1108273032577e-05 0.0749297073956281 -0.276125989858357 0.074929707514388 2.66823793419323e-06 -0.99718881809048 -0.30846753273437 3.08208917305059e-05 0.999999999512578 4.99167083031497e-06 0.0166806022572557 0 0 0 1
0.998750259934491 -3.05328940814165e-05 -0.0499791691460425 -0.312429670400507 -0.0499791689692714 6.5258351003158e-06 -0.998750260388729 -0.271634832228706 3.08208917305059e-05 0.999999999512578 4.99167083031497e-06 0.0166806022572557 0 0 0 1
0.917324058756659 -0.395939750709903 -0.0418124985379852 -0.265869247956579 -0.0540538751827404 -0.0198054477860267 -0.998341586239762 -0.269304869146925 0.394455003522503 0.91806288349207 -0.0395700916133296 0.0225082270189486 0 0 0 1
0.992999741077912 -0.10728863826584 -0.0494030598066755 -0.29996673676141 -0.0502669347569004 -0.00536085299482602 -0.998721430893176 -0.271011165738035 0.106886619786322 0.994213462669979 -0.0107163966156846 0.0163605964498485 0 0 0 1
0.989246450332765 -0.107422486384692 -0.0992565862950894 -0.313136769376952 -0.0998334163227838 8.04368818735157e-06 -0.995004165278026 -0.255680384038634 0.106886619786322 0.994213462669979 -0.0107163966156846 0.0163605964498485 0 0 0 1
0.973633482120504 -0.206141548251909 -0.0976908623066054 -0.30157046865897 -0.0998334163227837 8.04368818735061e-06 -0.995004165278026 -0.255680384038634 0.205112484942345 0.978522182691637 -0.0205719834039171 0.0172664767665692 0 0 0 1
