0.997762392696454 0.0668595941301135 -4.89224258995636e-05 -0.284579879206599 -4.89406948137856e-05 -1.36466702327803e-06 -0.999999998801473 -0.256135199936043 -0.0668595941167432 0.997762393894906 1.91054155731562e-06 -0.000362757777559132 0 0 0 1
0.600831855602231 8.04749458769276e-05 -0.799375427954452 -0.408301988456146 -0.799375427393029 0.000167909470702501 -0.60083183827642 -0.773549690859003 8.58707953339588e-05 0.999999982665096 0.000165215053110154 -0.0417386868304228 0 0 0 1
-0.182291704705025 0.982240199168551 -0.0444288817444315 -1.14345188208045 0.057756699123264 0.055805019163144 0.996769764560797 0.225352594723063 0.981546686664532 0.179136794024918 -0.066903743724499 -0.00710657441152702 0 0 0 1
-0.318170759973738 -0.00989850208985443 -0.947981744103815 -0.814558950169104 -0.823953512973944 0.497463972239626 0.271348861765569 -0.684254981642792 0.468900816757266 0.867428161855465 -0.166434395677152 0.294149094944578 0 0 0 1
