-0.717856554521314 -0.104199965580077 -0.688348991648784 -0.699963773223664 -0.694646616828572 0.0413819590281709 0.718159878575523 0.158185172983979 -0.0463470048590693 0.993695074275857 -0.102088464091159 0.544531656320561 0 0 0 1

-0.462617625223831 -0.474643186048175	-0.748798223001564 -0.790785931883244 -0.886454857560073 0.260524090904547 0.382524487538393 0.266190306217730 0.0135173348117546 0.840738392127062 -0.541272794128053 0.879243101523189 0 0 0 1

0.190737 0.023667 -0.981355 -0.495099 0.981228 -0.033569 0.189902 0.187903 -0.028448 -0.999156 -0.029626 0.454051 0.000000 0.000000 0.000000 1.000000

0.190737 0.023667 -0.981355 -0.495099 0.981228 -0.033569 0.189902 0.187903 -0.028448 -0.999156 -0.029626 0.454051 0.000000 0.000000 0.000000 1.000000

0.999953 -0.000084 -0.009717 0.217770 0.000084 1.000000 -0.000001 0.321456 0.009717 -0.000000 0.999953 0.008490 0.000000 0.000000 0.000000 1.000000 
0.906328 0.422573 -0.001361 0.137289 -0.422572 0.906329 0.000727 0.529623 0.001541 -0.000084 0.999999 0.046362 0.000000 0.000000 0.000000 1.000000 
0.578374 0.815771 -0.000976 0.322910 -0.815770 0.578375 0.001149 0.754498 0.001502 0.000132 0.999999 -0.060163 0.000000 0.000000 0.000000 1.000000 
0.002758 0.999996 0.000054 0.613084 -0.999995 0.002758 0.001645 0.799479 0.001645 -0.000058 0.999999 -0.029913 0.000000 0.000000 0.000000 1.000000 
-0.498357 0.866971 0.000886 0.874728 -0.866970 -0.498358 0.001481 0.755833 0.001726 -0.000030 0.999999 -0.033816 0.000000 0.000000 0.000000 1.000000 
-0.940790 0.338985 0.001703 0.983065 -0.338984 -0.940792 0.000634 0.466397 0.001817 0.000019 0.999998 -0.033914 0.000000 0.000000 0.000000 1.000000 
-0.999959 0.008902 0.001524 1.001808 -0.008902 -0.999960 0.000011 0.333758 0.001524 -0.000003 0.999999 -0.033716 0.000000 0.000000 0.000000 1.000000 
-0.776484 -0.630135 0.001365 0.925166 0.630135 -0.776485 -0.001030 0.048999 0.001709 0.000060 0.999999 -0.045310 0.000000 0.000000 0.000000 1.000000 
-0.353692 -0.935362 0.000599 0.861129 0.935361 -0.353692 -0.001470 -0.149699 0.001587 0.000040 0.999999 0.000665 0.000000 0.000000 0.000000 1.000000 
-0.000201 -1.000000 0.000025 0.637576 0.999999 -0.000201 -0.001610 -0.189775 0.001610 0.000025 0.999999 0.018429 0.000000 0.000000 0.000000 1.000000 
0.636702 -0.771110 -0.001045 0.371726 0.771109 0.636702 -0.001301 -0.097572 0.001669 0.000022 0.999999 0.016179 0.000000 0.000000 0.000000 1.000000 
0.866808 -0.000104 0.498641 0.138006 0.000098 1.000000 0.000038 0.321452 -0.498641 0.000016 0.866808 0.281784 0.000000 0.000000  0.000000 1.000000 
0.614445 -0.000029 0.788959 0.338268 -0.000009 1.000000 0.000043 0.321470 -0.788959 -0.000033 0.614445 0.350794 0.000000 0.000000 0.000000 1.000000 
-0.928364 0.006753 -0.371611 1.043082 0.017931 -0.997857 -0.062930 0.344011 -0.371240 -0.065086 0.926253 0.126006 0.000000 0.000000 0.000000 1.000000 

0.190751832194225 0.0237619097263195 -0.981350656065763 -0.495095177941736 0.981225443413236 -0.0336064095162429 0.189913765793647 0.187904698309345 -0.0284669582682056 -0.999152631426042 -0.0297262745962459 0.453992556613248 0 0 0 1
