
-0.999999990522398 0.000134287599388454 -3.0365200043469e-05 -0.208748223259587 -3.03651994456578e-05 6.49055785917055e-09 0.999999999538977 -0.256159932515474 0.000134287599523682 0.99999999098342 -2.41288805914579e-09 1.13615893000302 0 0 0 1
-0.906306651112181 -2.6859610414766e-05 0.422620696876508 -0.109687359392349 0.422620697235176 -9.20734855330453e-06 0.906306651296171 -0.470370877064408 -2.04518275081048e-05 0.999999999596893 1.96961085139431e-05 1.17385922092798 0 0 0 1
-0.573642863531097 6.73630981944384e-05 0.819105524692671 -0.270850188957969 0.81910552135995 0.00016924534613205 0.57364284727839 -0.719113963970304 -9.99874385955966e-05 0.999999983409113 -0.000152263870661621 1.06573401128782 0 0 0 1
-0.000119334766894573 8.54777160068571e-05 0.999999989226387 -0.548933852519417 0.999999982482309 0.000144213509949305 0.000119322439048264 -0.799476675652269 -0.00014420330898597 0.999999985948012 -8.54949241950814e-05 1.09801883804242 0 0 0 1
0.499967859027589 -0.000117964580221552 0.866043951554265 -0.818875483820163 0.866043946795684 -0.000103778653773859 -0.499967870416235 -0.788088037476568 0.000148855375359283 0.999999987657174 5.02765192971356e-05 1.09372222826968 0 0 0 1
0.999999985782149 0.000165093432682147 3.43491019963335e-05 -1.00200166910301 3.43422989003754e-05 4.12102086629163e-05 -0.999999998561163 -0.395736438452817 -0.000165094847978261 0.999999985522938 4.12045383890024e-05 1.0938581890603 0 0 0 1
0.766072212181547 -0.000151173593729726 -0.642754496576893 -0.964227844158633 -0.642754496628323 5.46785398827419e-05 -0.766072225103044 -0.0933466977372731 0.000150954768701305 0.999999987078401 -5.52797971344652e-05 1.08192864745463 0 0 0 1
0.341942923758206 -5.4986251443381e-05 -0.939720721208276 -0.920530796134979 -0.939720722515593 -4.53353829183871e-05 -0.341942921581182 0.131676692941328 -2.38004392669457e-05 0.999999997460608 -6.71738333197007e-05 1.12931561149842 0 0 0 1
2.36697051461687e-05 5.34759644575823e-05 -0.999999998290033 -0.702724554147847 -0.999999996684486 -7.7913906309513e-05 -2.36738716293147e-05 0.189694910165692 -7.7915172159454e-05 0.999999995534872 5.3474120081074e-05 1.14592637398527 0 0 0 1
-0.642657849540607 -6.30772528368577e-05 -0.766153303487692 -0.419131315268362 -0.766153302480818 -4.4077646679934e-05 0.642657852324935 0.13762727838505 -7.43073264525329e-05 0.999999997039211 -1.99999999441825e-05 1.14385008895864 0 0 0 1
-0.865994580041816 -0.500053383766314 -2.68711255020104e-05 -0.201796092340786 -3.44735599254394e-05 5.96494426684255e-06 0.999999999387997 -0.256138593504611 -0.500053383299995 0.865994580438168 -2.2404229696524e-05 1.39220443488769 0 0 0 1
-0.608747145650954 -0.793364299127203 -3.91435513684367e-05 -0.44260996815464 -2.75171746487409e-05 -2.8224801442238e-05 0.999999999223083 -0.256155259934186 -0.793364299615644 0.608747146255128 -4.64937666463188e-06 1.4288838770895 0 0 0 1



0.872416 0.488700 0.007949 0.322999 0.018405 -0.016595 -0.999693 -0.650319 -0.488418 0.872294 -0.023473 0.162275 0.000000 0.000000 0.000000 1.000000
0.767225 0.640305 0.037071 0.392747 0.325316 -0.338685 -0.882872 -0.567474 -0.552752 0.689421 -0.468149 0.468807 0.000000 0.000000 0.000000 1.000000
0.650461 0.758768 0.034229 0.355430 0.608749 -0.493846 -0.620920 -0.364209 -0.454230 0.424721 -0.783126 0.719601 0.000000 0.000000 0.000000 1.000000
0.507286 0.861381 0.026165 0.182300 0.812779 -0.468130 -0.346762 -0.190843 -0.286445 0.197174 -0.937588 0.905394 0.000000 0.000000 0.000000 1.000000



0.999999 0.000050 -0.001463 0.208754 -0.000050 1.000000 0.000000 0.321422 0.001463 0.000000 0.999999 0.008636 0.000000 0.000000 0.000000 1.000000 
0.906265 0.422707 -0.001456 0.137314 -0.422707 0.906267 0.000494 0.529605 0.001529 0.000168 0.999999 0.046441 0.000000 0.000000 0.000000 1.000000 
0.573633 0.819112 -0.000897 0.324308 -0.819111 0.573634 0.001412 0.756535 0.001671 -0.000075 0.999999 -0.061875 0.000000 0.000000 0.000000 1.000000 
0.000051 1.000000 0.000033 0.614316 -0.999999 0.000050 0.001665 0.799434 0.001665 -0.000033 0.999999 -0.029638 0.000000 0.000000 0.000000 1.000000 

-1.17838e-05 0.00155903 0.999999 0.208799 -1 -1.6586e-08 -1.17838e-05 0.336431 -1.78522e-09 -0.999999 0.00155903 1.00862 0 0 0 1
-0.422573 0.00148613 0.906328 0.143647 -0.906329 -0.000621537 -0.422572 0.543224 -6.46829e-05 -0.999999 0.00160957 1.04641 0 0 0 1
-0.819097 0.000917358 0.573654 0.336605 -0.573655 -0.00128441 -0.819096 0.765213 -1.45964e-05 -0.999999 0.00157831 0.938154 0 0 0 1
-1 3.77298e-06 7.16729e-05 0.629273 -7.16787e-05 -0.00155164 -0.999999 0.799495 -3.66177e-06 -0.999999 0.00155165 0.970469 0 0 0 1

0.999999 -8.41325e-05 -0.00169634 0.208725 8.41323e-05 1 -1.41853e-07 0.321444 0.00169634 -8.63475e-10 0.999999 1.00863 0 0 0 1
0.90626 0.422718 -0.00156109 0.137356 -0.422718 0.906261 0.000639001 0.529617 0.00168487 8.07978e-05 0.999999 1.04639 0 0 0 1
0.573696 0.819068 -0.000873022 0.324276 -0.819067 0.573696 0.00125559 0.756604 0.00152926 -5.26168e-06 0.999999 0.938186 0 0 0 1
-9.68768e-06 1 -4.75026e-05 0.614329 -0.999999 -9.61688e-06 0.00149019 0.799453 0.00149019 4.7517e-05 0.999999 0.970458 0 0 0 1

-0.000126706 0.00175435 0.999998 0.208848 -1 -2.15726e-07 -0.000126706 0.321433 -6.56204e-09 -0.999998 0.00175435 1.00863 0 0 0 1
-0.422643 0.00147487 0.906295 0.137278 -0.906296 -0.000565284 -0.422642 0.529624 -0.00011103 -0.999999 0.00157559 1.04645 0 0 0 1
-0.819093 0.000909883 0.57366 0.32429 -0.57366 -0.00149161 -0.819092 0.756517 0.000110399 -0.999998 0.00174373 0.938093 0 0 0 1
-1 -3.91438e-05 4.31235e-05 0.614253 -4.30596e-05 -0.00163203 -0.999999 0.799461 3.92141e-05 -0.999999 0.00163203 0.970349 0 0 0 1

0.999998 -4.60633e-05 -0.00181681 0.208771 4.60632e-05 1 -9.70087e-08 0.32147 0.00181681 1.33206e-08 0.999998 1.00865 0 0 0 1
0.906284 0.422667 -0.00143986 0.137296 -0.422666 0.906285 0.000737712 0.529567 0.00161673 -5.99983e-05 0.999999 1.04639 0 0 0 1
0.573654 0.819097 -0.000926562 0.324287 -0.819097 0.573655 0.0011476 0.756661 0.00147152 0.00010062 0.999999 0.938225 0 0 0 1
7.71953e-05 1 -7.43515e-05 0.614221 -0.999999 7.73025e-05 0.00144206 0.799541 0.00144207 7.42401e-05 0.999999 0.970587 0 0 0 1


0.999999990522398 0.000134287599388454 3.03652000435914e-05 -0.208762772395495 3.03651994457802e-05 6.49055785917055e-09 -0.999999999538977 -0.396159933359609 -0.000134287599523682 0.99999999098342 2.41288805912934e-09 0.996158931603143 0 0 0 1
0.906306651112181 -2.6859610414766e-05 -0.422620696876507 -0.168850496609602 -0.422620697235176 -9.20734855330453e-06 -0.906306651296171 -0.597252519217074 2.04518275081048e-05 0.999999999596893 -1.96961085139431e-05 1.03385646352922 0 0 0 1


-0.999999990522398 0.000134287599388454 -3.0365200043469e-05 -0.208748223259587 -3.03651994456578e-05 6.49055785917055e-09 0.999999999538977 -0.256159932515474 0.000134287599523682 0.99999999098342 -2.41288805914579e-09 1.13615893000302 0 0 0 1
-0.906306651112181 -2.6859610414766e-05 0.422620696876508 -0.109687359392349 0.422620697235176 -9.20734855330453e-06 0.906306651296171 -0.470370877064408 -2.04518275081048e-05 0.999999999596893 1.96961085139431e-05 1.17385922092798 0 0 0 1
-0.573642863531097 6.73630981944384e-05 0.819105524692671 -0.270850188957969 0.81910552135995 0.00016924534613205 0.57364284727839 -0.719113963970304 -9.99874385955966e-05 0.999999983409113 -0.000152263870661621 1.06573401128782 0 0 0 1
-0.000119334766894573 8.54777160068571e-05 0.999999989226387 -0.548933852519417 0.999999982482309 0.000144213509949305 0.000119322439048264 -0.799476675652269 -0.00014420330898597 0.999999985948012 -8.54949241950814e-05 1.09801883804242 0 0 0 1
0.499967859027589 -0.000117964580221552 0.866043951554265 -0.818875483820163 0.866043946795684 -0.000103778653773859 -0.499967870416235 -0.788088037476568 0.000148855375359283 0.999999987657174 5.02765192971356e-05 1.09372222826968 0 0 0 1
0.999999985782149 0.000165093432682147 3.43491019963335e-05 -1.00200166910301 3.43422989003754e-05 4.12102086629163e-05 -0.999999998561163 -0.395736438452817 -0.000165094847978261 0.999999985522938 4.12045383890024e-05 1.0938581890603 0 0 0 1
0.766072212181547 -0.000151173593729726 -0.642754496576893 -0.964227844158633 -0.642754496628323 5.46785398827419e-05 -0.766072225103044 -0.0933466977372731 0.000150954768701305 0.999999987078401 -5.52797971344652e-05 1.08192864745463 0 0 0 1
0.341942923758206 -5.4986251443381e-05 -0.939720721208276 -0.920530796134979 -0.939720722515593 -4.53353829183871e-05 -0.341942921581182 0.131676692941328 -2.38004392669457e-05 0.999999997460608 -6.71738333197007e-05 1.12931561149842 0 0 0 1
2.36697051461687e-05 5.34759644575823e-05 -0.999999998290033 -0.702724554147847 -0.999999996684486 -7.7913906309513e-05 -2.36738716293147e-05 0.189694910165692 -7.7915172159454e-05 0.999999995534872 5.3474120081074e-05 1.14592637398527 0 0 0 1
-0.642657849540607 -6.30772528368577e-05 -0.766153303487692 -0.419131315268362 -0.766153302480818 -4.4077646679934e-05 0.642657852324935 0.13762727838505 -7.43073264525329e-05 0.999999997039211 -1.99999999441825e-05 1.14385008895864 0 0 0 1
-0.865994580041816 -0.500053383766314 -2.68711255020104e-05 -0.201796092340786 -3.44735599254394e-05 5.96494426684255e-06 0.999999999387997 -0.256138593504611 -0.500053383299995 0.865994580438168 -2.2404229696524e-05 1.39220443488769 0 0 0 1
-0.608747145650954 -0.793364299127203 -3.91435513684367e-05 -0.44260996815464 -2.75171746487409e-05 -2.8224801442238e-05 0.999999999223083 -0.256155259934186 -0.793364299615644 0.608747146255128 -4.64937666463188e-06 1.4288838770895 0 0 0 1




0.999999990522398 0.000134287599388454 3.03652000435914e-05 -0.208767023523501 3.03651994457802e-05 6.49055785917055e-09 -0.999999999538977 -0.256159933424152 -0.000134287599523682 0.99999999098342 2.41288805912934e-09 -0.00384106873466185 0 0 0 1
0.906306651112181 -2.6859610414766e-05 -0.422620696876507 -0.109683599046891 -0.422620697235176 -9.20734855330453e-06 -0.906306651296171 -0.47036958803561 2.04518275081048e-05 0.999999999596893 -1.96961085139431e-05 0.0338592209844127 0 0 0 1
0.573642863531097 6.73630981944384e-05 -0.819105524692671 -0.270859619791716 -0.81910552135995 0.00016924534613205 -0.57364284727839 -0.719137658318763 9.99874385955966e-05 0.999999983409113 0.000152263870661621 -0.0742659863894565 0 0 0 1
0.000119334766894696 8.54777160068571e-05 -0.999999989226387 -0.548945819399658 -0.999999982482309 0.000144213509949305 -0.000119322439048386 -0.799496865543662 0.00014420330898597 0.999999985948012 8.54949241950814e-05 -0.0419811599902967 0 0 0 1
-0.499967859027589 -0.000117964580221552 -0.866043951554265 -0.818858968778932 -0.866043946795684 -0.000103778653773859 0.499967870416235 -0.788073508465039 -0.000148855375359283 0.999999987657174 -5.02765192971356e-05 -0.0462777700023225 0 0 0 1
-0.999999985782149 0.000165093432682147 -3.43491019964559e-05 -1.00202478218358 -3.43422989004979e-05 4.12102086629163e-05 0.999999998561163 -0.39574220788203 0.000165094847978261 0.999999985522938 -4.12045383890024e-05 -0.0461418089129073 0 0 0 1
-0.766072212181547 -0.000151173593729726 0.642754496576893 -0.964206679855511 0.642754496628322 5.46785398827419e-05 0.766072225103044 -0.0933543527328567 -0.000150954768701305 0.999999987078401 5.52797971344652e-05 -0.0580713507363441 0 0 0 1
-0.341942923758206 -5.4986251443381e-05 0.939720721208276 -0.920523098059777 0.939720722515593 -4.53353829183871e-05 0.341942921581182 0.131683039894937 2.38004392669457e-05 0.999999997460608 6.71738333197007e-05 -0.0106843881460663 0 0 0 1
-2.36697051462911e-05 5.34759644575823e-05 0.999999998290033 -0.702732040782871 0.999999996684486 -7.7913906309513e-05 2.36738716294371e-05 0.189705818112575 7.7915172159454e-05 0.999999995534872 -5.3474120081074e-05 0.00592637461038936 0 0 0 1
0.642657849540607 -6.30772528368577e-05 0.766153303487692 -0.419122484452965 0.766153302480818 -4.4077646679934e-05 -0.642657852324934 0.137633449255585 7.43073264525329e-05 0.999999997039211 1.99999999441825e-05 0.00385008937315093 0 0 0 1
0.865994580041816 -0.500053383766314 2.68711255021165e-05 -0.131788618613502 3.44735599255619e-05 5.96494426684255e-06 -0.999999999387997 -0.256139428596808 0.500053383299995 0.865994580438168 2.24042296965852e-05 0.270965193626342 0 0 0 1
0.608747145650954 -0.793364299127203 3.91435513685113e-05 -0.331538966276832 2.75171746488634e-05 -2.8224801442238e-05 -0.999999999223083 -0.256151308461984 0.793364299615644 0.608747146255128 4.64937666472904e-06 0.343659276613785 0 0 0 1
