-0.449568912177068 3.56597182293543e-05 -0.893245650385331 -0.823658275723673 -0.893245649603174 3.98884771805775e-05 0.449568913375818 -0.790769691115124 5.16617095176228e-05 0.999999998568647 1.39202688799904e-05 -0.0461873087087683 0 0 0 1


-0.407114211905386 0.0340850427864467 -0.912741052173563 -0.714078051838048 -0.912391509968852 0.0312383441432255 0.408124856376021 -0.761832204096814 0.0424234722932367 0.998930616065718 0.0183813297981805 -0.596331313416239 0 0 0 1


-0.756052676366585 0.435636490946088 -0.488472310694375 -0.438302957106191 0.0959993578035692 0.812054537884917 0.575631436599684 -1.02680241402758 0.64743221564904 0.388314660110448 -0.655776830090147 0.602237565408954 0 0 0 1


-0.976081432744203 -0.214297785340987 0.0366264364902146 0.337733308164208 -0.157183809474117 0.5792313048998 -0.799865204558417 -0.505087405759955 0.150194163306127 -0.786490657682609 -0.599061064238654 1.2105836720396 0 0 0 1
-0.765023817112996 -0.11208159071909 0.634173695663688 0.329385398664232 -0.644001962838187 0.133413831856793 -0.753300883664588 -0.137143570024696 -0.000176381470052978 -0.984702222243438 -0.174245523323876 1.31900941194661 0 0 0 1

0.866070988039109 -0.499921035217688 -4.71575808952757e-05 -0.13176600809001 -3.52430547540992e-05 3.32744421931364e-05 -0.999999998825369 -0.256132230857488 0.499921036199608 0.866070988683772 1.11992846097569e-05 0.270974801528756 0 0 0 1


0.433087557437947 0.250068304714487 -0.865968250324257 -0.192534508111404 0.749920495495794 0.433036096798412 0.500098979507996 0.178791335584567 0.500054415066776 -0.865993984879121 1.11984656056278e-05 -0.0586370072700009 0 0 0 1
0.433125918372508 -0.749931690807462 0.500004397937291 -0.298089559490198 -0.250087693347987 0.432967139594623 0.866022864402051 0.46786475939907 -0.865943464938592 -0.500141895019715 -1.93967605549108e-05 1.21071343685005 0 0 0 1
-0.139166804029909 -0.62752890762257 0.766054874505818 0.137320763652498 0.165787317623901 0.747900152583976 0.642775176154102 0.234833287442213 -0.976292561669489 0.216455149772162 -4.65396423904069e-05 1.31369929820156 0 0 0 1
-0.765095375413401 0.550692318713226 -0.333717000812481 -0.9142413515424 -0.174213863350763 0.321902092205123 0.930606561792021 -0.733034350059582 0.619902086088947 0.770140904733813 -0.150347565721417 0.297300192670933 0 0 0 1
-0.730344342227 -0.304565894108299 0.61142191482071 -0.741942284629212 0.623124231924511 0.0696467859507911 0.779015735909881 0.225073048664915 -0.279845195358968 0.949941546282053 0.13891625276318 -0.767652759529445 0 0 0 1
